1  100 800 100 500 "FFFFFF"
2  200 500 200 400 "FFFF00"
3  400 800 100 800 "FF00FF"
4  400 700 400 800 "00FFFF"
5  500 700 400 700 "FF0000"
6  500 800 500 700 "0000FF"
7  800 800 500 800 "FFFF00"
8  800 500 800 800 "FF00FF"
9  700 500 800 500 "00FFFF"
10  700 400 700 500 "FF00FF"
11  800 400 700 400 "00FF00"
12  800 100 800 400 "FF00FF"
13  500 100 800 100 "00FF00"
14  500 200 500 100 "FFFF00"
15  400 200 500 200 "FF00FF"
16  400 100 400 200 "00FFFF"
17  100 100 400 100 "FF0000"
18  100 400 100 100 "0000FF"
19  200 400 100 400 "00FF00"
20  100 500 200 500 "0000FF"
21  300 400 300 500 "FFFF00"
22  400 400 300 400 "00FFFF"
23  400 300 400 400 "FF00FF"
24  500 300 400 300 "FFFFFF"
25  500 400 500 300 "FFFF00"
26  600 400 500 400 "FF00FF"
27  600 500 600 400 "00FFFF"
28  500 500 600 500 "FFFFFF"
29  500 600 500 500 "FF00FF"
30  400 600 500 600 "FFFFFF"
31  400 500 400 600 "00FF00"
32  300 500 400 500 "FF00FF"

